[global_settings]
n_instances = 1
n_prior_included = 1
n_prior_excluded = 1
model = nn-2-layer
balance_strategy = double
query_strategy = max
feature_extraction = doc2vec

[balance_param]
a = 1.2374712010411897
alpha = 0.10855494273148425
b = 0.7916480014487364

[feature_param]
dbow_words = 1
dm = 0
dm_concat = 0
epochs = 28
min_count = 2
split_ta = 1
use_keywords = 0
vector_size = 56
window = 6

[model_param]
class_weight = 643.3825366744894
dense_width = 42
epochs = 48
learn_rate = 0.980049318589359
optimizer = adagrad
regularization = 0.014286399397334433
