[global_settings]
n_instances = 1
n_prior_included = 1
n_prior_excluded = 1
model = nn-2-layer
balance_strategy = double
query_strategy = max
feature_extraction = doc2vec

[balance_param]
a = 1.0694900815589392
alpha = 0.6965888249154015
b = 0.005548981304133727

[feature_param]
dbow_words = 0
dm = 2
dm_concat = 1
epochs = 22
min_count = 2
split_ta = 1
use_keywords = 1
vector_size = 96
window = 8

[model_param]
class_weight = 42.63893396964361
dense_width = 9
epochs = 27
learn_rate = 2.594509762282742
optimizer = adagrad
regularization = 0.023687702301609284
