[global_settings]
n_instances = 1
n_prior_included = 1
n_prior_excluded = 1
model = nn-2-layer
balance_strategy = double
query_strategy = max
feature_extraction = doc2vec

[balance_param]
a = 1.6515728981379016
alpha = 0.900882785499675
b = 0.6544772995379982

[feature_param]
dbow_words = 0
dm = 0
dm_concat = 1
epochs = 24
min_count = 1
split_ta = 1
use_keywords = 1
vector_size = 96
window = 8

[model_param]
class_weight = 52.6282928845318
dense_width = 96
epochs = 50
learn_rate = 0.30116579378419256
optimizer = rmsprop
regularization = 0.01879236095717806
