[global_settings]
n_instances = 1
n_prior_included = 1
n_prior_excluded = 1
model = nn-2-layer
balance_strategy = double
query_strategy = max
feature_extraction = doc2vec

[balance_param]
a = 102.65226599934162
alpha = 1.2317065707990875
b = 0.91887154712434

[feature_param]
dbow_words = 0
dm = 2
dm_concat = 1
epochs = 20
min_count = 1
split_ta = 1
use_keywords = 0
vector_size = 128
window = 8

[model_param]
class_weight = 54.63610027131302
dense_width = 99
epochs = 48
learn_rate = 0.058546120229650694
optimizer = sgd
regularization = 0.007800719712633173
