[global_settings]
n_instances = 1
n_prior_included = 1
n_prior_excluded = 1
model = nn-2-layer
balance_strategy = double
query_strategy = max
feature_extraction = doc2vec

[balance_param]
a = 1.029183180104486
alpha = 0.09292286133429839
b = 0.43719705424085276

[feature_param]
dbow_words = 1
dm = 0
dm_concat = 1
epochs = 40
min_count = 1
split_ta = 1
use_keywords = 1
vector_size = 40
window = 6

[model_param]
class_weight = 197.08646339835408
dense_width = 63
epochs = 51
learn_rate = 0.35985883989381845
optimizer = adagrad
regularization = 0.010966644548652628
