[global_settings]
n_instances = 1
n_prior_included = 1
n_prior_excluded = 1
model = nn-2-layer
balance_strategy = double
query_strategy = max
feature_extraction = doc2vec

[balance_param]
a = 4.1844178896676825
alpha = 0.08043284863067174
b = 0.036580423983625696

[feature_param]
dbow_words = 0
dm = 2
dm_concat = 1
epochs = 24
min_count = 2
split_ta = 1
use_keywords = 1
vector_size = 48
window = 9

[model_param]
class_weight = 11.596186705201477
dense_width = 37
epochs = 30
learn_rate = 0.9893360352424733
optimizer = adagrad
regularization = 2.584292162366626e-08
