[global_settings]
n_instances = 1
n_prior_included = 1
n_prior_excluded = 1
model = nn-2-layer
balance_strategy = double
query_strategy = max
feature_extraction = tfidf

[balance_param]
a = 1.1906788056090158
alpha = 0.920499870362788
b = 0.46392907268678074

[feature_param]
ngram_max = 3
split_ta = 1
use_keywords = 0

[model_param]
class_weight = 11.329141737951165
dense_width = 7
epochs = 37
learn_rate = 2.6648712436454316
optimizer = sgd
regularization = 0.025803764670717957
