[global_settings]
n_instances = 1
n_prior_included = 1
n_prior_excluded = 1
model = nn-2-layer
balance_strategy = double
query_strategy = max
feature_extraction = tfidf

[balance_param]
a = 2.240369855402283
alpha = 1.471946288378908
b = 0.7235618794744423

[feature_param]
ngram_max = 1
split_ta = 0
use_keywords = 1

[model_param]
class_weight = 29.157872191339564
dense_width = 55
epochs = 30
learn_rate = 7.043979114616634
optimizer = rmsprop
regularization = 0.0006560673562284665
