[global_settings]
n_instances = 1
n_prior_included = 1
n_prior_excluded = 1
model = nn-2-layer
balance_strategy = double
query_strategy = max
feature_extraction = tfidf

[balance_param]
a = 2.290671949111683
alpha = 1.2252775854320883
b = 0.4994058016768286

[feature_param]
ngram_max = 2
split_ta = 1
use_keywords = 0

[model_param]
class_weight = 6.284417070710682
dense_width = 93
epochs = 43
learn_rate = 0.20588715594239448
optimizer = adam
regularization = 0.00682978392993494
