[global_settings]
n_instances = 1
n_prior_included = 1
n_prior_excluded = 1
model = nn-2-layer
balance_strategy = double
query_strategy = max
feature_extraction = tfidf

[balance_param]
a = 2.0665774009765863
alpha = 1.5273655413670355
b = 0.073705734899849

[feature_param]
ngram_max = 2
split_ta = 0
use_keywords = 1

[model_param]
class_weight = 30.846157301169995
dense_width = 12
epochs = 37
learn_rate = 1.0135522558161623
optimizer = sgd
regularization = 0.07148365046029401
