[global_settings]
n_instances = 1
n_prior_included = 1
n_prior_excluded = 1
model = svm
balance_strategy = double
query_strategy = max
feature_extraction = doc2vec

[balance_param]
a = 0.35601880938729646
alpha = 0.9552671521573683
b = 0.053397333227694084

[feature_param]
dbow_words = 0
dm = 0
dm_concat = 1
epochs = 21
min_count = 1
split_ta = 0
use_keywords = 0
vector_size = 112
window = 7

[model_param]
C = 0.00021767223967680938
class_weight = 15.606860683550558
gamma = scale
kernel = rbf
