[global_settings]
n_instances = 1
n_prior_included = 1
n_prior_excluded = 1
model = logistic
balance_strategy = double
query_strategy = max
feature_extraction = doc2vec

[balance_param]
a = 0.33866731173796316
alpha = 1.580484668793397
b = 0.5370385005837852

[feature_param]
dbow_words = 1
dm = 0
dm_concat = 1
epochs = 40
min_count = 1
split_ta = 1
use_keywords = 0
vector_size = 40
window = 9

[model_param]
C = 0.005431073890232156
class_weight = 12719.380370185954
