[global_settings]
n_instances = 1
n_prior_included = 1
n_prior_excluded = 1
model = logistic
balance_strategy = double
query_strategy = max
feature_extraction = doc2vec

[balance_param]
a = 0.9765800975545895
alpha = 1.9364449483447816
b = 0.9713969105511732

[feature_param]
dbow_words = 1
dm = 0
dm_concat = 1
epochs = 23
min_count = 1
split_ta = 1
use_keywords = 1
vector_size = 80
window = 7

[model_param]
C = 0.006592323963140994
class_weight = 347.02315938091664
