[global_settings]
n_instances = 1
n_prior_included = 1
n_prior_excluded = 1
model = logistic
balance_strategy = double
query_strategy = max
feature_extraction = doc2vec

[balance_param]
a = 0.2155974783634673
alpha = 1.6391922397757515
b = 0.2962230066523842

[feature_param]
dbow_words = 1
dm = 2
dm_concat = 1
epochs = 22
min_count = 1
split_ta = 1
use_keywords = 0
vector_size = 56
window = 6

[model_param]
C = 0.0038728892831873425
class_weight = 28.454194717563784
