[global_settings]
n_instances = 1
n_prior_included = 1
n_prior_excluded = 1
model = logistic
balance_strategy = double
query_strategy = max
feature_extraction = doc2vec

[balance_param]
a = 2.129262952555313
alpha = 1.1239440548090383
b = 0.41270647348244943

[feature_param]
dbow_words = 0
dm = 0
dm_concat = 0
epochs = 25
min_count = 1
split_ta = 1
use_keywords = 0
vector_size = 112
window = 5

[model_param]
C = 0.2711690026805586
class_weight = 474071.92159977334
