[global_settings]
n_instances = 1
n_prior_included = 1
n_prior_excluded = 1
model = logistic
balance_strategy = double
query_strategy = max
feature_extraction = doc2vec

[balance_param]
a = 0.2934751601061038
alpha = 1.4569425913843481
b = 0.5920724205433289

[feature_param]
dbow_words = 0
dm = 0
dm_concat = 0
epochs = 21
min_count = 1
split_ta = 1
use_keywords = 1
vector_size = 128
window = 9

[model_param]
C = 0.010561828427496181
class_weight = 16.00655371212021
